{
 "cells": [
  {
   "cell_type": "code",
   "execution_count": 2,
   "metadata": {},
   "outputs": [
    {
     "name": "stdout",
     "output_type": "stream",
     "text": [
      "{'uci_id': 45, 'name': 'Heart Disease', 'repository_url': 'https://archive.ics.uci.edu/dataset/45/heart+disease', 'data_url': 'https://archive.ics.uci.edu/static/public/45/data.csv', 'abstract': '4 databases: Cleveland, Hungary, Switzerland, and the VA Long Beach', 'area': 'Health and Medicine', 'tasks': ['Classification'], 'characteristics': ['Multivariate'], 'num_instances': 303, 'num_features': 13, 'feature_types': ['Categorical', 'Integer', 'Real'], 'demographics': ['Age', 'Sex'], 'target_col': ['num'], 'index_col': None, 'has_missing_values': 'yes', 'missing_values_symbol': 'NaN', 'year_of_dataset_creation': 1989, 'last_updated': 'Fri Nov 03 2023', 'dataset_doi': '10.24432/C52P4X', 'creators': ['Andras Janosi', 'William Steinbrunn', 'Matthias Pfisterer', 'Robert Detrano'], 'intro_paper': {'title': 'International application of a new probability algorithm for the diagnosis of coronary artery disease.', 'authors': 'R. Detrano, A. Jánosi, W. Steinbrunn, M. Pfisterer, J. Schmid, S. Sandhu, K. Guppy, S. Lee, V. Froelicher', 'published_in': 'American Journal of Cardiology', 'year': 1989, 'url': 'https://www.semanticscholar.org/paper/a7d714f8f87bfc41351eb5ae1e5472f0ebbe0574', 'doi': None}, 'additional_info': {'summary': 'This database contains 76 attributes, but all published experiments refer to using a subset of 14 of them.  In particular, the Cleveland database is the only one that has been used by ML researchers to date.  The \"goal\" field refers to the presence of heart disease in the patient.  It is integer valued from 0 (no presence) to 4. Experiments with the Cleveland database have concentrated on simply attempting to distinguish presence (values 1,2,3,4) from absence (value 0).  \\n   \\nThe names and social security numbers of the patients were recently removed from the database, replaced with dummy values.\\n\\nOne file has been \"processed\", that one containing the Cleveland database.  All four unprocessed files also exist in this directory.\\n\\nTo see Test Costs (donated by Peter Turney), please see the folder \"Costs\" ', 'purpose': None, 'funded_by': None, 'instances_represent': None, 'recommended_data_splits': None, 'sensitive_data': None, 'preprocessing_description': None, 'variable_info': 'Only 14 attributes used:\\r\\n      1. #3  (age)       \\r\\n      2. #4  (sex)       \\r\\n      3. #9  (cp)        \\r\\n      4. #10 (trestbps)  \\r\\n      5. #12 (chol)      \\r\\n      6. #16 (fbs)       \\r\\n      7. #19 (restecg)   \\r\\n      8. #32 (thalach)   \\r\\n      9. #38 (exang)     \\r\\n      10. #40 (oldpeak)   \\r\\n      11. #41 (slope)     \\r\\n      12. #44 (ca)        \\r\\n      13. #51 (thal)      \\r\\n      14. #58 (num)       (the predicted attribute)\\r\\n\\r\\nComplete attribute documentation:\\r\\n      1 id: patient identification number\\r\\n      2 ccf: social security number (I replaced this with a dummy value of 0)\\r\\n      3 age: age in years\\r\\n      4 sex: sex (1 = male; 0 = female)\\r\\n      5 painloc: chest pain location (1 = substernal; 0 = otherwise)\\r\\n      6 painexer (1 = provoked by exertion; 0 = otherwise)\\r\\n      7 relrest (1 = relieved after rest; 0 = otherwise)\\r\\n      8 pncaden (sum of 5, 6, and 7)\\r\\n      9 cp: chest pain type\\r\\n        -- Value 1: typical angina\\r\\n        -- Value 2: atypical angina\\r\\n        -- Value 3: non-anginal pain\\r\\n        -- Value 4: asymptomatic\\r\\n     10 trestbps: resting blood pressure (in mm Hg on admission to the hospital)\\r\\n     11 htn\\r\\n     12 chol: serum cholestoral in mg/dl\\r\\n     13 smoke: I believe this is 1 = yes; 0 = no (is or is not a smoker)\\r\\n     14 cigs (cigarettes per day)\\r\\n     15 years (number of years as a smoker)\\r\\n     16 fbs: (fasting blood sugar > 120 mg/dl)  (1 = true; 0 = false)\\r\\n     17 dm (1 = history of diabetes; 0 = no such history)\\r\\n     18 famhist: family history of coronary artery disease (1 = yes; 0 = no)\\r\\n     19 restecg: resting electrocardiographic results\\r\\n        -- Value 0: normal\\r\\n        -- Value 1: having ST-T wave abnormality (T wave inversions and/or ST elevation or depression of > 0.05 mV)\\r\\n        -- Value 2: showing probable or definite left ventricular hypertrophy by Estes\\' criteria\\r\\n     20 ekgmo (month of exercise ECG reading)\\r\\n     21 ekgday(day of exercise ECG reading)\\r\\n     22 ekgyr (year of exercise ECG reading)\\r\\n     23 dig (digitalis used furing exercise ECG: 1 = yes; 0 = no)\\r\\n     24 prop (Beta blocker used during exercise ECG: 1 = yes; 0 = no)\\r\\n     25 nitr (nitrates used during exercise ECG: 1 = yes; 0 = no)\\r\\n     26 pro (calcium channel blocker used during exercise ECG: 1 = yes; 0 = no)\\r\\n     27 diuretic (diuretic used used during exercise ECG: 1 = yes; 0 = no)\\r\\n     28 proto: exercise protocol\\r\\n          1 = Bruce     \\r\\n          2 = Kottus\\r\\n          3 = McHenry\\r\\n          4 = fast Balke\\r\\n          5 = Balke\\r\\n          6 = Noughton \\r\\n          7 = bike 150 kpa min/min  (Not sure if \"kpa min/min\" is what was written!)\\r\\n          8 = bike 125 kpa min/min  \\r\\n          9 = bike 100 kpa min/min\\r\\n         10 = bike 75 kpa min/min\\r\\n         11 = bike 50 kpa min/min\\r\\n         12 = arm ergometer\\r\\n     29 thaldur: duration of exercise test in minutes\\r\\n     30 thaltime: time when ST measure depression was noted\\r\\n     31 met: mets achieved\\r\\n     32 thalach: maximum heart rate achieved\\r\\n     33 thalrest: resting heart rate\\r\\n     34 tpeakbps: peak exercise blood pressure (first of 2 parts)\\r\\n     35 tpeakbpd: peak exercise blood pressure (second of 2 parts)\\r\\n     36 dummy\\r\\n     37 trestbpd: resting blood pressure\\r\\n     38 exang: exercise induced angina (1 = yes; 0 = no)\\r\\n     39 xhypo: (1 = yes; 0 = no)\\r\\n     40 oldpeak = ST depression induced by exercise relative to rest\\r\\n     41 slope: the slope of the peak exercise ST segment\\r\\n        -- Value 1: upsloping\\r\\n        -- Value 2: flat\\r\\n        -- Value 3: downsloping\\r\\n     42 rldv5: height at rest\\r\\n     43 rldv5e: height at peak exercise\\r\\n     44 ca: number of major vessels (0-3) colored by flourosopy\\r\\n     45 restckm: irrelevant\\r\\n     46 exerckm: irrelevant\\r\\n     47 restef: rest raidonuclid (sp?) ejection fraction\\r\\n     48 restwm: rest wall (sp?) motion abnormality\\r\\n        0 = none\\r\\n        1 = mild or moderate\\r\\n        2 = moderate or severe\\r\\n        3 = akinesis or dyskmem (sp?)\\r\\n     49 exeref: exercise radinalid (sp?) ejection fraction\\r\\n     50 exerwm: exercise wall (sp?) motion \\r\\n     51 thal: 3 = normal; 6 = fixed defect; 7 = reversable defect\\r\\n     52 thalsev: not used\\r\\n     53 thalpul: not used\\r\\n     54 earlobe: not used\\r\\n     55 cmo: month of cardiac cath (sp?)  (perhaps \"call\")\\r\\n     56 cday: day of cardiac cath (sp?)\\r\\n     57 cyr: year of cardiac cath (sp?)\\r\\n     58 num: diagnosis of heart disease (angiographic disease status)\\r\\n        -- Value 0: < 50% diameter narrowing\\r\\n        -- Value 1: > 50% diameter narrowing\\r\\n        (in any major vessel: attributes 59 through 68 are vessels)\\r\\n     59 lmt\\r\\n     60 ladprox\\r\\n     61 laddist\\r\\n     62 diag\\r\\n     63 cxmain\\r\\n     64 ramus\\r\\n     65 om1\\r\\n     66 om2\\r\\n     67 rcaprox\\r\\n     68 rcadist\\r\\n     69 lvx1: not used\\r\\n     70 lvx2: not used\\r\\n     71 lvx3: not used\\r\\n     72 lvx4: not used\\r\\n     73 lvf: not used\\r\\n     74 cathef: not used\\r\\n     75 junk: not used\\r\\n     76 name: last name of patient  (I replaced this with the dummy string \"name\")', 'citation': None}}\n",
      "        name     role         type demographic  \\\n",
      "0        age  Feature      Integer         Age   \n",
      "1        sex  Feature  Categorical         Sex   \n",
      "2         cp  Feature  Categorical        None   \n",
      "3   trestbps  Feature      Integer        None   \n",
      "4       chol  Feature      Integer        None   \n",
      "5        fbs  Feature  Categorical        None   \n",
      "6    restecg  Feature  Categorical        None   \n",
      "7    thalach  Feature      Integer        None   \n",
      "8      exang  Feature  Categorical        None   \n",
      "9    oldpeak  Feature      Integer        None   \n",
      "10     slope  Feature  Categorical        None   \n",
      "11        ca  Feature      Integer        None   \n",
      "12      thal  Feature  Categorical        None   \n",
      "13       num   Target      Integer        None   \n",
      "\n",
      "                                          description  units missing_values  \n",
      "0                                                None  years             no  \n",
      "1                                                None   None             no  \n",
      "2                                                None   None             no  \n",
      "3   resting blood pressure (on admission to the ho...  mm Hg             no  \n",
      "4                                   serum cholestoral  mg/dl             no  \n",
      "5                     fasting blood sugar > 120 mg/dl   None             no  \n",
      "6                                                None   None             no  \n",
      "7                         maximum heart rate achieved   None             no  \n",
      "8                             exercise induced angina   None             no  \n",
      "9   ST depression induced by exercise relative to ...   None             no  \n",
      "10                                               None   None             no  \n",
      "11  number of major vessels (0-3) colored by flour...   None            yes  \n",
      "12                                               None   None            yes  \n",
      "13                         diagnosis of heart disease   None             no  \n"
     ]
    }
   ],
   "source": [
    "from ucimlrepo import fetch_ucirepo \n",
    "  \n",
    "# fetch heart disease dataset \n",
    "heart_disease = fetch_ucirepo(id = 45) \n",
    "  \n",
    "# data (as pandas dataframes) \n",
    "X_heart = heart_disease.data.features \n",
    "y_heart = heart_disease.data.targets \n",
    "  \n",
    "# metadata \n",
    "print(heart_disease.metadata) \n",
    "  \n",
    "# variable information \n",
    "print(heart_disease.variables) "
   ]
  },
  {
   "cell_type": "code",
   "execution_count": 2,
   "metadata": {},
   "outputs": [
    {
     "name": "stdout",
     "output_type": "stream",
     "text": [
      "Heart Disease Data\n"
     ]
    },
    {
     "data": {
      "text/html": [
       "<div>\n",
       "<style scoped>\n",
       "    .dataframe tbody tr th:only-of-type {\n",
       "        vertical-align: middle;\n",
       "    }\n",
       "\n",
       "    .dataframe tbody tr th {\n",
       "        vertical-align: top;\n",
       "    }\n",
       "\n",
       "    .dataframe thead th {\n",
       "        text-align: right;\n",
       "    }\n",
       "</style>\n",
       "<table border=\"1\" class=\"dataframe\">\n",
       "  <thead>\n",
       "    <tr style=\"text-align: right;\">\n",
       "      <th></th>\n",
       "      <th>age</th>\n",
       "      <th>sex</th>\n",
       "      <th>cp</th>\n",
       "      <th>trestbps</th>\n",
       "      <th>chol</th>\n",
       "      <th>fbs</th>\n",
       "      <th>restecg</th>\n",
       "      <th>thalach</th>\n",
       "      <th>exang</th>\n",
       "      <th>oldpeak</th>\n",
       "      <th>slope</th>\n",
       "      <th>ca</th>\n",
       "      <th>thal</th>\n",
       "    </tr>\n",
       "  </thead>\n",
       "  <tbody>\n",
       "    <tr>\n",
       "      <th>0</th>\n",
       "      <td>63</td>\n",
       "      <td>1</td>\n",
       "      <td>1</td>\n",
       "      <td>145</td>\n",
       "      <td>233</td>\n",
       "      <td>1</td>\n",
       "      <td>2</td>\n",
       "      <td>150</td>\n",
       "      <td>0</td>\n",
       "      <td>2.3</td>\n",
       "      <td>3</td>\n",
       "      <td>0.0</td>\n",
       "      <td>6.0</td>\n",
       "    </tr>\n",
       "    <tr>\n",
       "      <th>1</th>\n",
       "      <td>67</td>\n",
       "      <td>1</td>\n",
       "      <td>4</td>\n",
       "      <td>160</td>\n",
       "      <td>286</td>\n",
       "      <td>0</td>\n",
       "      <td>2</td>\n",
       "      <td>108</td>\n",
       "      <td>1</td>\n",
       "      <td>1.5</td>\n",
       "      <td>2</td>\n",
       "      <td>3.0</td>\n",
       "      <td>3.0</td>\n",
       "    </tr>\n",
       "    <tr>\n",
       "      <th>2</th>\n",
       "      <td>67</td>\n",
       "      <td>1</td>\n",
       "      <td>4</td>\n",
       "      <td>120</td>\n",
       "      <td>229</td>\n",
       "      <td>0</td>\n",
       "      <td>2</td>\n",
       "      <td>129</td>\n",
       "      <td>1</td>\n",
       "      <td>2.6</td>\n",
       "      <td>2</td>\n",
       "      <td>2.0</td>\n",
       "      <td>7.0</td>\n",
       "    </tr>\n",
       "    <tr>\n",
       "      <th>3</th>\n",
       "      <td>37</td>\n",
       "      <td>1</td>\n",
       "      <td>3</td>\n",
       "      <td>130</td>\n",
       "      <td>250</td>\n",
       "      <td>0</td>\n",
       "      <td>0</td>\n",
       "      <td>187</td>\n",
       "      <td>0</td>\n",
       "      <td>3.5</td>\n",
       "      <td>3</td>\n",
       "      <td>0.0</td>\n",
       "      <td>3.0</td>\n",
       "    </tr>\n",
       "    <tr>\n",
       "      <th>4</th>\n",
       "      <td>41</td>\n",
       "      <td>0</td>\n",
       "      <td>2</td>\n",
       "      <td>130</td>\n",
       "      <td>204</td>\n",
       "      <td>0</td>\n",
       "      <td>2</td>\n",
       "      <td>172</td>\n",
       "      <td>0</td>\n",
       "      <td>1.4</td>\n",
       "      <td>1</td>\n",
       "      <td>0.0</td>\n",
       "      <td>3.0</td>\n",
       "    </tr>\n",
       "  </tbody>\n",
       "</table>\n",
       "</div>"
      ],
      "text/plain": [
       "   age  sex  cp  trestbps  chol  fbs  restecg  thalach  exang  oldpeak  slope  \\\n",
       "0   63    1   1       145   233    1        2      150      0      2.3      3   \n",
       "1   67    1   4       160   286    0        2      108      1      1.5      2   \n",
       "2   67    1   4       120   229    0        2      129      1      2.6      2   \n",
       "3   37    1   3       130   250    0        0      187      0      3.5      3   \n",
       "4   41    0   2       130   204    0        2      172      0      1.4      1   \n",
       "\n",
       "    ca  thal  \n",
       "0  0.0   6.0  \n",
       "1  3.0   3.0  \n",
       "2  2.0   7.0  \n",
       "3  0.0   3.0  \n",
       "4  0.0   3.0  "
      ]
     },
     "execution_count": 2,
     "metadata": {},
     "output_type": "execute_result"
    }
   ],
   "source": [
    "#Display the heart disease data\n",
    "print(\"Heart Disease Data\")\n",
    "X_heart.to_csv('heart.csv', index = False)\n",
    "X_heart.head()"
   ]
  },
  {
   "cell_type": "code",
   "execution_count": 3,
   "metadata": {},
   "outputs": [
    {
     "name": "stdout",
     "output_type": "stream",
     "text": [
      "Mean of Heart Disease Data\n"
     ]
    },
    {
     "data": {
      "text/plain": [
       "age          54.438944\n",
       "sex           0.679868\n",
       "cp            3.158416\n",
       "trestbps    131.689769\n",
       "chol        246.693069\n",
       "fbs           0.148515\n",
       "restecg       0.990099\n",
       "thalach     149.607261\n",
       "exang         0.326733\n",
       "oldpeak       1.039604\n",
       "slope         1.600660\n",
       "ca            0.672241\n",
       "thal          4.734219\n",
       "dtype: float64"
      ]
     },
     "execution_count": 3,
     "metadata": {},
     "output_type": "execute_result"
    }
   ],
   "source": [
    "#Calculate the mean of heart disease data\n",
    "print(\"Mean of Heart Disease Data\")\n",
    "X_heart.mean()\n"
   ]
  },
  {
   "cell_type": "code",
   "execution_count": 4,
   "metadata": {},
   "outputs": [
    {
     "name": "stdout",
     "output_type": "stream",
     "text": [
      "Variance of Heart Disease Data\n"
     ]
    },
    {
     "data": {
      "text/plain": [
       "age           81.697419\n",
       "sex            0.218368\n",
       "cp             0.921841\n",
       "trestbps     309.751120\n",
       "chol        2680.849190\n",
       "fbs            0.126877\n",
       "restecg        0.989968\n",
       "thalach      523.265775\n",
       "exang          0.220707\n",
       "oldpeak        1.348095\n",
       "slope          0.379735\n",
       "ca             0.878791\n",
       "thal           3.762458\n",
       "dtype: float64"
      ]
     },
     "execution_count": 4,
     "metadata": {},
     "output_type": "execute_result"
    }
   ],
   "source": [
    "#Calculate the variance of heart disease data\n",
    "print(\"Variance of Heart Disease Data\")\n",
    "X_heart.var()"
   ]
  },
  {
   "cell_type": "code",
   "execution_count": 5,
   "metadata": {},
   "outputs": [
    {
     "name": "stdout",
     "output_type": "stream",
     "text": [
      "Covariance of Heart Disease Data\n"
     ]
    },
    {
     "data": {
      "text/html": [
       "<div>\n",
       "<style scoped>\n",
       "    .dataframe tbody tr th:only-of-type {\n",
       "        vertical-align: middle;\n",
       "    }\n",
       "\n",
       "    .dataframe tbody tr th {\n",
       "        vertical-align: top;\n",
       "    }\n",
       "\n",
       "    .dataframe thead th {\n",
       "        text-align: right;\n",
       "    }\n",
       "</style>\n",
       "<table border=\"1\" class=\"dataframe\">\n",
       "  <thead>\n",
       "    <tr style=\"text-align: right;\">\n",
       "      <th></th>\n",
       "      <th>age</th>\n",
       "      <th>sex</th>\n",
       "      <th>cp</th>\n",
       "      <th>trestbps</th>\n",
       "      <th>chol</th>\n",
       "      <th>fbs</th>\n",
       "      <th>restecg</th>\n",
       "      <th>thalach</th>\n",
       "      <th>exang</th>\n",
       "      <th>oldpeak</th>\n",
       "      <th>slope</th>\n",
       "      <th>ca</th>\n",
       "      <th>thal</th>\n",
       "    </tr>\n",
       "  </thead>\n",
       "  <tbody>\n",
       "    <tr>\n",
       "      <th>age</th>\n",
       "      <td>81.697419</td>\n",
       "      <td>-0.411995</td>\n",
       "      <td>0.903744</td>\n",
       "      <td>45.328678</td>\n",
       "      <td>97.787489</td>\n",
       "      <td>0.381614</td>\n",
       "      <td>1.338797</td>\n",
       "      <td>-81.423065</td>\n",
       "      <td>0.389220</td>\n",
       "      <td>2.138850</td>\n",
       "      <td>0.901034</td>\n",
       "      <td>3.066396</td>\n",
       "      <td>2.240487</td>\n",
       "    </tr>\n",
       "    <tr>\n",
       "      <th>sex</th>\n",
       "      <td>-0.411995</td>\n",
       "      <td>0.218368</td>\n",
       "      <td>0.004524</td>\n",
       "      <td>-0.530107</td>\n",
       "      <td>-4.836994</td>\n",
       "      <td>0.007967</td>\n",
       "      <td>0.010065</td>\n",
       "      <td>-0.520184</td>\n",
       "      <td>0.032096</td>\n",
       "      <td>0.055436</td>\n",
       "      <td>0.010808</td>\n",
       "      <td>0.040964</td>\n",
       "      <td>0.344950</td>\n",
       "    </tr>\n",
       "    <tr>\n",
       "      <th>cp</th>\n",
       "      <td>0.903744</td>\n",
       "      <td>0.004524</td>\n",
       "      <td>0.921841</td>\n",
       "      <td>-0.609632</td>\n",
       "      <td>3.595141</td>\n",
       "      <td>-0.013671</td>\n",
       "      <td>0.064488</td>\n",
       "      <td>-7.344863</td>\n",
       "      <td>0.173235</td>\n",
       "      <td>0.225493</td>\n",
       "      <td>0.089961</td>\n",
       "      <td>0.210512</td>\n",
       "      <td>0.494972</td>\n",
       "    </tr>\n",
       "    <tr>\n",
       "      <th>trestbps</th>\n",
       "      <td>45.328678</td>\n",
       "      <td>-0.530107</td>\n",
       "      <td>-0.609632</td>\n",
       "      <td>309.751120</td>\n",
       "      <td>118.573339</td>\n",
       "      <td>1.099207</td>\n",
       "      <td>2.566455</td>\n",
       "      <td>-18.258005</td>\n",
       "      <td>0.535473</td>\n",
       "      <td>3.865638</td>\n",
       "      <td>1.273053</td>\n",
       "      <td>1.639436</td>\n",
       "      <td>4.573810</td>\n",
       "    </tr>\n",
       "    <tr>\n",
       "      <th>chol</th>\n",
       "      <td>97.787489</td>\n",
       "      <td>-4.836994</td>\n",
       "      <td>3.595141</td>\n",
       "      <td>118.573339</td>\n",
       "      <td>2680.849190</td>\n",
       "      <td>0.181496</td>\n",
       "      <td>8.811521</td>\n",
       "      <td>-4.064651</td>\n",
       "      <td>1.491345</td>\n",
       "      <td>2.799282</td>\n",
       "      <td>-0.129598</td>\n",
       "      <td>5.791385</td>\n",
       "      <td>1.429834</td>\n",
       "    </tr>\n",
       "    <tr>\n",
       "      <th>fbs</th>\n",
       "      <td>0.381614</td>\n",
       "      <td>0.007967</td>\n",
       "      <td>-0.013671</td>\n",
       "      <td>1.099207</td>\n",
       "      <td>0.181496</td>\n",
       "      <td>0.126877</td>\n",
       "      <td>0.024654</td>\n",
       "      <td>-0.063996</td>\n",
       "      <td>0.004295</td>\n",
       "      <td>0.002377</td>\n",
       "      <td>0.013147</td>\n",
       "      <td>0.048394</td>\n",
       "      <td>0.048981</td>\n",
       "    </tr>\n",
       "    <tr>\n",
       "      <th>restecg</th>\n",
       "      <td>1.338797</td>\n",
       "      <td>0.010065</td>\n",
       "      <td>0.064488</td>\n",
       "      <td>2.566455</td>\n",
       "      <td>8.811521</td>\n",
       "      <td>0.024654</td>\n",
       "      <td>0.989968</td>\n",
       "      <td>-1.897941</td>\n",
       "      <td>0.039670</td>\n",
       "      <td>0.131850</td>\n",
       "      <td>0.082126</td>\n",
       "      <td>0.119706</td>\n",
       "      <td>0.047342</td>\n",
       "    </tr>\n",
       "    <tr>\n",
       "      <th>thalach</th>\n",
       "      <td>-81.423065</td>\n",
       "      <td>-0.520184</td>\n",
       "      <td>-7.344863</td>\n",
       "      <td>-18.258005</td>\n",
       "      <td>-4.064651</td>\n",
       "      <td>-0.063996</td>\n",
       "      <td>-1.897941</td>\n",
       "      <td>523.265775</td>\n",
       "      <td>-4.063307</td>\n",
       "      <td>-9.112209</td>\n",
       "      <td>-5.435501</td>\n",
       "      <td>-5.686270</td>\n",
       "      <td>-12.399734</td>\n",
       "    </tr>\n",
       "    <tr>\n",
       "      <th>exang</th>\n",
       "      <td>0.389220</td>\n",
       "      <td>0.032096</td>\n",
       "      <td>0.173235</td>\n",
       "      <td>0.535473</td>\n",
       "      <td>1.491345</td>\n",
       "      <td>0.004295</td>\n",
       "      <td>0.039670</td>\n",
       "      <td>-4.063307</td>\n",
       "      <td>0.220707</td>\n",
       "      <td>0.157216</td>\n",
       "      <td>0.074618</td>\n",
       "      <td>0.064162</td>\n",
       "      <td>0.300155</td>\n",
       "    </tr>\n",
       "    <tr>\n",
       "      <th>oldpeak</th>\n",
       "      <td>2.138850</td>\n",
       "      <td>0.055436</td>\n",
       "      <td>0.225493</td>\n",
       "      <td>3.865638</td>\n",
       "      <td>2.799282</td>\n",
       "      <td>0.002377</td>\n",
       "      <td>0.131850</td>\n",
       "      <td>-9.112209</td>\n",
       "      <td>0.157216</td>\n",
       "      <td>1.348095</td>\n",
       "      <td>0.413219</td>\n",
       "      <td>0.322753</td>\n",
       "      <td>0.769517</td>\n",
       "    </tr>\n",
       "    <tr>\n",
       "      <th>slope</th>\n",
       "      <td>0.901034</td>\n",
       "      <td>0.010808</td>\n",
       "      <td>0.089961</td>\n",
       "      <td>1.273053</td>\n",
       "      <td>-0.129598</td>\n",
       "      <td>0.013147</td>\n",
       "      <td>0.082126</td>\n",
       "      <td>-5.435501</td>\n",
       "      <td>0.074618</td>\n",
       "      <td>0.413219</td>\n",
       "      <td>0.379735</td>\n",
       "      <td>0.063747</td>\n",
       "      <td>0.343688</td>\n",
       "    </tr>\n",
       "    <tr>\n",
       "      <th>ca</th>\n",
       "      <td>3.066396</td>\n",
       "      <td>0.040964</td>\n",
       "      <td>0.210512</td>\n",
       "      <td>1.639436</td>\n",
       "      <td>5.791385</td>\n",
       "      <td>0.048394</td>\n",
       "      <td>0.119706</td>\n",
       "      <td>-5.686270</td>\n",
       "      <td>0.064162</td>\n",
       "      <td>0.322753</td>\n",
       "      <td>0.063747</td>\n",
       "      <td>0.878791</td>\n",
       "      <td>0.466694</td>\n",
       "    </tr>\n",
       "    <tr>\n",
       "      <th>thal</th>\n",
       "      <td>2.240487</td>\n",
       "      <td>0.344950</td>\n",
       "      <td>0.494972</td>\n",
       "      <td>4.573810</td>\n",
       "      <td>1.429834</td>\n",
       "      <td>0.048981</td>\n",
       "      <td>0.047342</td>\n",
       "      <td>-12.399734</td>\n",
       "      <td>0.300155</td>\n",
       "      <td>0.769517</td>\n",
       "      <td>0.343688</td>\n",
       "      <td>0.466694</td>\n",
       "      <td>3.762458</td>\n",
       "    </tr>\n",
       "  </tbody>\n",
       "</table>\n",
       "</div>"
      ],
      "text/plain": [
       "                age       sex        cp    trestbps         chol       fbs  \\\n",
       "age       81.697419 -0.411995  0.903744   45.328678    97.787489  0.381614   \n",
       "sex       -0.411995  0.218368  0.004524   -0.530107    -4.836994  0.007967   \n",
       "cp         0.903744  0.004524  0.921841   -0.609632     3.595141 -0.013671   \n",
       "trestbps  45.328678 -0.530107 -0.609632  309.751120   118.573339  1.099207   \n",
       "chol      97.787489 -4.836994  3.595141  118.573339  2680.849190  0.181496   \n",
       "fbs        0.381614  0.007967 -0.013671    1.099207     0.181496  0.126877   \n",
       "restecg    1.338797  0.010065  0.064488    2.566455     8.811521  0.024654   \n",
       "thalach  -81.423065 -0.520184 -7.344863  -18.258005    -4.064651 -0.063996   \n",
       "exang      0.389220  0.032096  0.173235    0.535473     1.491345  0.004295   \n",
       "oldpeak    2.138850  0.055436  0.225493    3.865638     2.799282  0.002377   \n",
       "slope      0.901034  0.010808  0.089961    1.273053    -0.129598  0.013147   \n",
       "ca         3.066396  0.040964  0.210512    1.639436     5.791385  0.048394   \n",
       "thal       2.240487  0.344950  0.494972    4.573810     1.429834  0.048981   \n",
       "\n",
       "           restecg     thalach     exang   oldpeak     slope        ca  \\\n",
       "age       1.338797  -81.423065  0.389220  2.138850  0.901034  3.066396   \n",
       "sex       0.010065   -0.520184  0.032096  0.055436  0.010808  0.040964   \n",
       "cp        0.064488   -7.344863  0.173235  0.225493  0.089961  0.210512   \n",
       "trestbps  2.566455  -18.258005  0.535473  3.865638  1.273053  1.639436   \n",
       "chol      8.811521   -4.064651  1.491345  2.799282 -0.129598  5.791385   \n",
       "fbs       0.024654   -0.063996  0.004295  0.002377  0.013147  0.048394   \n",
       "restecg   0.989968   -1.897941  0.039670  0.131850  0.082126  0.119706   \n",
       "thalach  -1.897941  523.265775 -4.063307 -9.112209 -5.435501 -5.686270   \n",
       "exang     0.039670   -4.063307  0.220707  0.157216  0.074618  0.064162   \n",
       "oldpeak   0.131850   -9.112209  0.157216  1.348095  0.413219  0.322753   \n",
       "slope     0.082126   -5.435501  0.074618  0.413219  0.379735  0.063747   \n",
       "ca        0.119706   -5.686270  0.064162  0.322753  0.063747  0.878791   \n",
       "thal      0.047342  -12.399734  0.300155  0.769517  0.343688  0.466694   \n",
       "\n",
       "               thal  \n",
       "age        2.240487  \n",
       "sex        0.344950  \n",
       "cp         0.494972  \n",
       "trestbps   4.573810  \n",
       "chol       1.429834  \n",
       "fbs        0.048981  \n",
       "restecg    0.047342  \n",
       "thalach  -12.399734  \n",
       "exang      0.300155  \n",
       "oldpeak    0.769517  \n",
       "slope      0.343688  \n",
       "ca         0.466694  \n",
       "thal       3.762458  "
      ]
     },
     "execution_count": 5,
     "metadata": {},
     "output_type": "execute_result"
    }
   ],
   "source": [
    "#Calculate the covariance of heart disease data\n",
    "print(\"Covariance of Heart Disease Data\")\n",
    "X_heart.cov()"
   ]
  },
  {
   "cell_type": "code",
   "execution_count": 6,
   "metadata": {},
   "outputs": [
    {
     "name": "stdout",
     "output_type": "stream",
     "text": [
      "Correlation of Heart Disease Data\n"
     ]
    },
    {
     "data": {
      "text/html": [
       "<div>\n",
       "<style scoped>\n",
       "    .dataframe tbody tr th:only-of-type {\n",
       "        vertical-align: middle;\n",
       "    }\n",
       "\n",
       "    .dataframe tbody tr th {\n",
       "        vertical-align: top;\n",
       "    }\n",
       "\n",
       "    .dataframe thead th {\n",
       "        text-align: right;\n",
       "    }\n",
       "</style>\n",
       "<table border=\"1\" class=\"dataframe\">\n",
       "  <thead>\n",
       "    <tr style=\"text-align: right;\">\n",
       "      <th></th>\n",
       "      <th>age</th>\n",
       "      <th>sex</th>\n",
       "      <th>cp</th>\n",
       "      <th>trestbps</th>\n",
       "      <th>chol</th>\n",
       "      <th>fbs</th>\n",
       "      <th>restecg</th>\n",
       "      <th>thalach</th>\n",
       "      <th>exang</th>\n",
       "      <th>oldpeak</th>\n",
       "      <th>slope</th>\n",
       "      <th>ca</th>\n",
       "      <th>thal</th>\n",
       "    </tr>\n",
       "  </thead>\n",
       "  <tbody>\n",
       "    <tr>\n",
       "      <th>age</th>\n",
       "      <td>1.000000</td>\n",
       "      <td>-0.097542</td>\n",
       "      <td>0.104139</td>\n",
       "      <td>0.284946</td>\n",
       "      <td>0.208950</td>\n",
       "      <td>0.118530</td>\n",
       "      <td>0.148868</td>\n",
       "      <td>-0.393806</td>\n",
       "      <td>0.091661</td>\n",
       "      <td>0.203805</td>\n",
       "      <td>0.161770</td>\n",
       "      <td>0.362605</td>\n",
       "      <td>0.127389</td>\n",
       "    </tr>\n",
       "    <tr>\n",
       "      <th>sex</th>\n",
       "      <td>-0.097542</td>\n",
       "      <td>1.000000</td>\n",
       "      <td>0.010084</td>\n",
       "      <td>-0.064456</td>\n",
       "      <td>-0.199915</td>\n",
       "      <td>0.047862</td>\n",
       "      <td>0.021647</td>\n",
       "      <td>-0.048663</td>\n",
       "      <td>0.146201</td>\n",
       "      <td>0.102173</td>\n",
       "      <td>0.037533</td>\n",
       "      <td>0.093185</td>\n",
       "      <td>0.380936</td>\n",
       "    </tr>\n",
       "    <tr>\n",
       "      <th>cp</th>\n",
       "      <td>0.104139</td>\n",
       "      <td>0.010084</td>\n",
       "      <td>1.000000</td>\n",
       "      <td>-0.036077</td>\n",
       "      <td>0.072319</td>\n",
       "      <td>-0.039975</td>\n",
       "      <td>0.067505</td>\n",
       "      <td>-0.334422</td>\n",
       "      <td>0.384060</td>\n",
       "      <td>0.202277</td>\n",
       "      <td>0.152050</td>\n",
       "      <td>0.233214</td>\n",
       "      <td>0.265246</td>\n",
       "    </tr>\n",
       "    <tr>\n",
       "      <th>trestbps</th>\n",
       "      <td>0.284946</td>\n",
       "      <td>-0.064456</td>\n",
       "      <td>-0.036077</td>\n",
       "      <td>1.000000</td>\n",
       "      <td>0.130120</td>\n",
       "      <td>0.175340</td>\n",
       "      <td>0.146560</td>\n",
       "      <td>-0.045351</td>\n",
       "      <td>0.064762</td>\n",
       "      <td>0.189171</td>\n",
       "      <td>0.117382</td>\n",
       "      <td>0.098773</td>\n",
       "      <td>0.133554</td>\n",
       "    </tr>\n",
       "    <tr>\n",
       "      <th>chol</th>\n",
       "      <td>0.208950</td>\n",
       "      <td>-0.199915</td>\n",
       "      <td>0.072319</td>\n",
       "      <td>0.130120</td>\n",
       "      <td>1.000000</td>\n",
       "      <td>0.009841</td>\n",
       "      <td>0.171043</td>\n",
       "      <td>-0.003432</td>\n",
       "      <td>0.061310</td>\n",
       "      <td>0.046564</td>\n",
       "      <td>-0.004062</td>\n",
       "      <td>0.119000</td>\n",
       "      <td>0.014214</td>\n",
       "    </tr>\n",
       "    <tr>\n",
       "      <th>fbs</th>\n",
       "      <td>0.118530</td>\n",
       "      <td>0.047862</td>\n",
       "      <td>-0.039975</td>\n",
       "      <td>0.175340</td>\n",
       "      <td>0.009841</td>\n",
       "      <td>1.000000</td>\n",
       "      <td>0.069564</td>\n",
       "      <td>-0.007854</td>\n",
       "      <td>0.025665</td>\n",
       "      <td>0.005747</td>\n",
       "      <td>0.059894</td>\n",
       "      <td>0.145478</td>\n",
       "      <td>0.071358</td>\n",
       "    </tr>\n",
       "    <tr>\n",
       "      <th>restecg</th>\n",
       "      <td>0.148868</td>\n",
       "      <td>0.021647</td>\n",
       "      <td>0.067505</td>\n",
       "      <td>0.146560</td>\n",
       "      <td>0.171043</td>\n",
       "      <td>0.069564</td>\n",
       "      <td>1.000000</td>\n",
       "      <td>-0.083389</td>\n",
       "      <td>0.084867</td>\n",
       "      <td>0.114133</td>\n",
       "      <td>0.133946</td>\n",
       "      <td>0.128343</td>\n",
       "      <td>0.024531</td>\n",
       "    </tr>\n",
       "    <tr>\n",
       "      <th>thalach</th>\n",
       "      <td>-0.393806</td>\n",
       "      <td>-0.048663</td>\n",
       "      <td>-0.334422</td>\n",
       "      <td>-0.045351</td>\n",
       "      <td>-0.003432</td>\n",
       "      <td>-0.007854</td>\n",
       "      <td>-0.083389</td>\n",
       "      <td>1.000000</td>\n",
       "      <td>-0.378103</td>\n",
       "      <td>-0.343085</td>\n",
       "      <td>-0.385601</td>\n",
       "      <td>-0.264246</td>\n",
       "      <td>-0.279631</td>\n",
       "    </tr>\n",
       "    <tr>\n",
       "      <th>exang</th>\n",
       "      <td>0.091661</td>\n",
       "      <td>0.146201</td>\n",
       "      <td>0.384060</td>\n",
       "      <td>0.064762</td>\n",
       "      <td>0.061310</td>\n",
       "      <td>0.025665</td>\n",
       "      <td>0.084867</td>\n",
       "      <td>-0.378103</td>\n",
       "      <td>1.000000</td>\n",
       "      <td>0.288223</td>\n",
       "      <td>0.257748</td>\n",
       "      <td>0.145570</td>\n",
       "      <td>0.329680</td>\n",
       "    </tr>\n",
       "    <tr>\n",
       "      <th>oldpeak</th>\n",
       "      <td>0.203805</td>\n",
       "      <td>0.102173</td>\n",
       "      <td>0.202277</td>\n",
       "      <td>0.189171</td>\n",
       "      <td>0.046564</td>\n",
       "      <td>0.005747</td>\n",
       "      <td>0.114133</td>\n",
       "      <td>-0.343085</td>\n",
       "      <td>0.288223</td>\n",
       "      <td>1.000000</td>\n",
       "      <td>0.577537</td>\n",
       "      <td>0.295832</td>\n",
       "      <td>0.341004</td>\n",
       "    </tr>\n",
       "    <tr>\n",
       "      <th>slope</th>\n",
       "      <td>0.161770</td>\n",
       "      <td>0.037533</td>\n",
       "      <td>0.152050</td>\n",
       "      <td>0.117382</td>\n",
       "      <td>-0.004062</td>\n",
       "      <td>0.059894</td>\n",
       "      <td>0.133946</td>\n",
       "      <td>-0.385601</td>\n",
       "      <td>0.257748</td>\n",
       "      <td>0.577537</td>\n",
       "      <td>1.000000</td>\n",
       "      <td>0.110119</td>\n",
       "      <td>0.287232</td>\n",
       "    </tr>\n",
       "    <tr>\n",
       "      <th>ca</th>\n",
       "      <td>0.362605</td>\n",
       "      <td>0.093185</td>\n",
       "      <td>0.233214</td>\n",
       "      <td>0.098773</td>\n",
       "      <td>0.119000</td>\n",
       "      <td>0.145478</td>\n",
       "      <td>0.128343</td>\n",
       "      <td>-0.264246</td>\n",
       "      <td>0.145570</td>\n",
       "      <td>0.295832</td>\n",
       "      <td>0.110119</td>\n",
       "      <td>1.000000</td>\n",
       "      <td>0.256382</td>\n",
       "    </tr>\n",
       "    <tr>\n",
       "      <th>thal</th>\n",
       "      <td>0.127389</td>\n",
       "      <td>0.380936</td>\n",
       "      <td>0.265246</td>\n",
       "      <td>0.133554</td>\n",
       "      <td>0.014214</td>\n",
       "      <td>0.071358</td>\n",
       "      <td>0.024531</td>\n",
       "      <td>-0.279631</td>\n",
       "      <td>0.329680</td>\n",
       "      <td>0.341004</td>\n",
       "      <td>0.287232</td>\n",
       "      <td>0.256382</td>\n",
       "      <td>1.000000</td>\n",
       "    </tr>\n",
       "  </tbody>\n",
       "</table>\n",
       "</div>"
      ],
      "text/plain": [
       "               age       sex        cp  trestbps      chol       fbs  \\\n",
       "age       1.000000 -0.097542  0.104139  0.284946  0.208950  0.118530   \n",
       "sex      -0.097542  1.000000  0.010084 -0.064456 -0.199915  0.047862   \n",
       "cp        0.104139  0.010084  1.000000 -0.036077  0.072319 -0.039975   \n",
       "trestbps  0.284946 -0.064456 -0.036077  1.000000  0.130120  0.175340   \n",
       "chol      0.208950 -0.199915  0.072319  0.130120  1.000000  0.009841   \n",
       "fbs       0.118530  0.047862 -0.039975  0.175340  0.009841  1.000000   \n",
       "restecg   0.148868  0.021647  0.067505  0.146560  0.171043  0.069564   \n",
       "thalach  -0.393806 -0.048663 -0.334422 -0.045351 -0.003432 -0.007854   \n",
       "exang     0.091661  0.146201  0.384060  0.064762  0.061310  0.025665   \n",
       "oldpeak   0.203805  0.102173  0.202277  0.189171  0.046564  0.005747   \n",
       "slope     0.161770  0.037533  0.152050  0.117382 -0.004062  0.059894   \n",
       "ca        0.362605  0.093185  0.233214  0.098773  0.119000  0.145478   \n",
       "thal      0.127389  0.380936  0.265246  0.133554  0.014214  0.071358   \n",
       "\n",
       "           restecg   thalach     exang   oldpeak     slope        ca      thal  \n",
       "age       0.148868 -0.393806  0.091661  0.203805  0.161770  0.362605  0.127389  \n",
       "sex       0.021647 -0.048663  0.146201  0.102173  0.037533  0.093185  0.380936  \n",
       "cp        0.067505 -0.334422  0.384060  0.202277  0.152050  0.233214  0.265246  \n",
       "trestbps  0.146560 -0.045351  0.064762  0.189171  0.117382  0.098773  0.133554  \n",
       "chol      0.171043 -0.003432  0.061310  0.046564 -0.004062  0.119000  0.014214  \n",
       "fbs       0.069564 -0.007854  0.025665  0.005747  0.059894  0.145478  0.071358  \n",
       "restecg   1.000000 -0.083389  0.084867  0.114133  0.133946  0.128343  0.024531  \n",
       "thalach  -0.083389  1.000000 -0.378103 -0.343085 -0.385601 -0.264246 -0.279631  \n",
       "exang     0.084867 -0.378103  1.000000  0.288223  0.257748  0.145570  0.329680  \n",
       "oldpeak   0.114133 -0.343085  0.288223  1.000000  0.577537  0.295832  0.341004  \n",
       "slope     0.133946 -0.385601  0.257748  0.577537  1.000000  0.110119  0.287232  \n",
